5.2A04.001(21.24, 71.76, 2.915)
5.2A_Stairwell(40.99, 62.98, 3.142)
5.2A01(19.84, 62.6, 1.571)
5.2A02(20.41, 69.65, 2.915)
5.2A04(21.24, 71.76, 2.915)
5.2A05(22.58, 76, 2.915)
5.2A07(25.11, 80.83, 1.837)
5.2A10(29.78, 80.61, 1.082)
5.2A12(34.19, 78.64, 1.082)
5.2A13(38.16, 76.36, 1.082)
5.2A14(41.47, 74.83, 1.082)
5.2A15(45.18, 72.37, 1.082)
5.2A17(61.09, 62.96, 1.571)
5.2A32(30.95, 72.43, -1.571)
5.2A34(38.55, 72.34, -1.571)
5.2A38(50.34, 68.74, -0.227)
5.2A71(36.65, 74.33, 3.142)
5.2A_Elevator(42.48, 64.7, 0)
5.2A_Open_Zone(40.22, 58.15, -1.571)
5.2A_Stairwell(40.99, 62.98, 3.142)
5.2A_Toilet_M(50.51, 62.48, 1.571)
5.2A_Toilet_W(54.24, 62.53, 1.571)
5.2B01(77.26, 58.7, 1.082)
5.2B03(82.57, 55.94, 1.082)
5.2B04(84.89, 54.92, 1.082)
5.2B05(88.11, 53.51, 1.082)
5.2B06(90.15, 50.45, -0.227)
5.2B10(89.46, 46.17, -0.227)
5.2B_Elevator.001(77.85, 41.4, 1.571)
5.2B_Elevator.002(83.93, 84.11, 1.571)
5.2C56.001(51.61, 28.94, 1.571)
5.2D_Open_Zone.001(24.84, 44.11, 0)
5.2B13(87.87, 40.38, -0.227)
5.2B15(86.33, 33.96, -0.227)
5.2B17(84.85, 27.68, -0.227)
5.2B18(83.39, 22.55, -0.227)
5.2B31(84, 51.85, -3.142)
5.2B33(84.25, 47.68, -3.142)
5.2B34(84.38, 44.54, -3.142)
5.2B51(71.28, 50.33, -3.142)
5.2B53(71.53, 40.65, -3.142)
5.2B_Elevator(77.85, 41.4, 1.571)
5.2B_Storage(71.78, 31.22, -3.142)
5.2B_Toilet_M(75.44, 51.85, 0)
5.2B_Toilet_W(75.42, 48.12, 0)
5.2C01(79.58, 18.7, -1.798)
5.2C03(74.28, 19.97, -1.798)
5.2C05(69.07, 21.19, -1.798)
5.2C07(62.71, 18.93, 3.142)
5.2C08(53.03, 24.22, -1.571)
5.2C19(82.21, 19.45, -0.227)
5.2C30(79.75, 22.92, 3.142)
5.2C52(61.04, 28.89, 1.571)
5.2C54(51.61, 28.94, 1.571)
5.2C56(42.06, 28.8, 1.571)
5.2C59(32.57, 28.81, 1.571)
5.2C91(65.71, 24.42, -1.571)
5.2C_Elevator(61.04, 20.93, 0)
5.2C_Elevator_Goods(60.99, 23.49, 0)
5.2C_Reserve_Mat(68.72, 28.62, 1.571)
5.2C_Stairwell(59.81, 24.21, 3.142)
5.2C_Toilet_Accessible(71.2, 28.56, 1.571)
5.2C_Trash(65.59, 28.7, 1.571)
5.2C_Working_Space(37.59, 26.05, -1.571)
5.2D02(20.42, 26.73, 3.142)
5.2D11(14.37, 43.56, -1.571)
5.2D_Elevator(18.42, 41.56, 1.571)
5.2D_Open_Zone(24.84, 44.11, 0)
5.2D_Stairwell(20.08, 40.42, -1.571)
5.2D_Toilet_M(20.78, 29.01, 3.142)
5.2D_Toilet_W(20.4, 32.76, 3.142)
5.2_Corridor_Geb6(13.08, 57.66, 3.142)
5.2_Stair_Down(61.62, 55.12, 0)
5.2_Stair_Down_Geb6(18.38, 51.05, 3.142)
5.2_Stair_Up(72.34, 55.23, 3.142)
IMVS_CoffeeMachine(77.06, 54.3, -3.142)
IMVS_Dock(83.63, 38.89, 1.571)
IMVS_Kitchen(78.26, 54.01, -1.571)
IMVS_Printer(83.01, 34.27, -3.142)
